50
13
163 113
232 114
10 140
69 58
301 27
145 171
83 169
55 0
337 176
139 178
194 150
329 41
327 19
13
345 171
142 156
114 95
101 126
331 82
22 179
293 68
145 152
36 166
150 143
341 31
210 142
334 160
13
164 58
178 93
4 166
312 93
317 7
138 154
74 72
347 155
287 154
103 125
266 45
184 137
98 44
13
276 89
58 109
218 88
29 99
59 88
136 27
281 171
113 2
229 85
97 64
197 36
279 34
256 78
13
309 130
46 58
307 89
241 88
277 37
217 83
286 62
250 159
329 58
84 138
186 18
125 30
35 123
13
136 18
101 25
252 119
220 103
143 26
81 150
32 98
13 180
267 23
358 97
315 122
202 155
170 30
13
329 59
201 115
273 74
94 170
327 19
81 92
278 170
240 84
210 88
223 90
331 121
107 13
36 50
13
64 9
83 156
287 53
225 145
328 98
91 44
12 105
120 44
309 109
215 159
6 56
242 75
70 40
13
188 161
4 144
289 159
262 47
223 101
41 1
248 101
262 13
61 95
297 175
151 163
293 124
127 116
13
144 151
235 150
229 165
54 12
122 86
113 91
243 45
312 143
204 27
360 169
335 3
291 121
44 104
13
153 166
320 28
239 69
162 173
269 72
309 66
284 152
172 165
176 168
168 59
323 162
231 66
352 23
13
1 57
267 113
150 147
319 121
196 46
285 138
285 100
298 149
343 88
106 92
80 80
285 97
37 83
13
138 32
260 167
180 112
219 22
276 65
269 44
66 163
130 57
167 20
263 17
304 171
315 119
302 144
13
76 158
164 54
344 138
196 146
172 86
177 4
107 62
40 93
246 129
174 101
197 4
94 25
81 3
13
61 27
232 31
132 100
276 3
63 82
329 111
304 167
176 9
320 122
36 127
326 116
308 160
277 111
13
55 78
200 49
242 148
323 38
87 13
132 92
47 105
339 91
189 156
310 89
145 96
100 155
289 36
13
35 33
197 178
38 118
261 87
135 115
267 179
330 137
319 45
226 82
153 80
116 123
182 109
249 44
13
20 121
3 99
353 20
122 45
81 116
144 74
50 42
219 167
218 89
116 85
275 67
138 177
129 124
13
329 34
344 74
210 134
278 82
136 78
147 76
47 17
197 35
111 98
189 141
148 168
272 122
58 98
13
83 60
174 94
271 90
129 52
226 55
23 106
92 25
51 28
317 92
77 64
129 47
107 70
81 40
13
190 74
109 47
332 146
108 164
96 131
313 179
34 148
19 170
328 82
292 137
118 129
292 131
311 92
13
164 37
140 125
116 11
165 7
239 164
67 25
9 105
171 175
116 91
12 126
18 24
73 80
165 153
13
133 152
28 53
77 8
216 38
23 167
227 117
106 16
79 95
276 8
23 74
328 98
38 163
14 5
13
139 3
46 169
219 22
189 41
88 166
101 26
25 91
266 154
284 4
193 31
206 92
87 84
261 155
13
236 10
64 155
142 71
17 123
55 105
103 135
53 57
50 154
53 166
37 54
172 80
219 159
223 1
13
37 10
133 50
24 57
25 19
111 101
311 7
187 39
188 92
143 71
104 118
148 55
138 147
217 65
13
212 137
14 86
282 135
359 72
122 96
302 123
321 46
99 150
277 110
188 123
6 167
14 138
296 154
13
280 80
261 106
106 105
63 85
325 133
251 85
324 130
213 7
223 44
295 108
352 166
309 22
57 100
13
247 135
255 48
131 29
7 30
188 115
140 150
16 51
28 168
124 125
64 90
193 173
190 127
196 8
13
195 90
37 27
109 63
323 159
12 70
43 154
235 20
222 133
63 158
306 49
256 68
102 58
165 164
13
15 136
273 57
103 131
346 30
49 130
246 33
44 2
37 17
265 158
246 16
93 43
203 41
346 167
13
103 62
84 64
34 10
134 68
155 120
282 102
233 8
32 13
147 85
299 164
278 6
56 53
321 173
13
18 50
169 9
67 36
315 17
225 148
221 133
130 102
116 74
133 85
266 151
41 152
101 85
24 106
13
239 153
246 172
69 162
19 48
183 39
311 42
70 46
329 165
219 110
94 145
357 81
101 52
235 95
13
80 162
98 138
317 76
231 83
123 41
279 108
165 68
353 108
139 5
272 35
315 93
228 47
14 128
13
202 143
337 138
73 159
6 143
11 0
36 24
308 151
221 81
196 153
111 146
153 8
316 3
156 53
13
271 140
29 50
358 16
155 162
271 160
37 94
32 170
91 170
80 136
77 172
305 156
33 175
44 65
13
200 63
360 81
250 176
257 122
170 175
78 84
259 56
346 42
262 66
306 84
250 117
191 90
244 42
13
67 127
268 74
99 13
24 43
137 5
340 88
20 165
288 72
296 8
322 119
52 149
268 15
242 33
13
320 161
308 99
56 13
145 128
14 73
294 66
124 133
315 127
286 88
227 75
275 138
288 54
194 170
13
285 62
201 69
54 46
294 122
21 149
277 179
286 45
99 72
2 21
200 178
225 18
180 21
358 3
13
5 30
129 76
38 124
157 144
189 0
341 135
356 101
187 146
346 46
120 29
330 71
99 140
171 33
13
305 118
257 89
260 104
14 107
19 131
273 143
62 74
345 179
272 50
345 142
132 143
309 70
204 59
13
119 21
233 23
207 53
29 20
350 108
324 16
227 102
210 124
126 85
349 56
197 13
212 127
129 61
13
123 72
298 35
164 108
148 117
92 176
122 20
217 21
319 173
83 157
149 112
333 65
214 58
196 154
13
358 92
263 33
159 67
62 166
101 97
271 35
278 21
138 157
158 133
219 83
138 176
181 142
128 3
13
8 19
317 108
139 23
58 12
110 143
171 2
347 71
44 77
20 67
169 86
59 172
253 22
220 35
13
77 49
210 1
339 180
253 13
74 61
290 18
145 107
50 155
27 3
9 47
347 138
4 164
259 20
13
110 7
295 164
64 113
210 64
50 101
1 54
12 116
288 125
319 27
221 68
265 86
351 32
327 87
13
127 14
311 115
143 178
89 174
53 157
360 123
122 13
44 143
109 176
170 22
335 15
196 20
68 134
