50
14
68 107
77 134
42 65
228 35
194 26
347 61
111 143
256 80
40 76
75 143
145 95
201 123
191 37
234 154
14
71 147
286 9
52 16
235 137
88 10
12 133
230 111
173 11
76 172
359 11
253 169
186 177
24 88
82 10
14
275 106
247 151
187 156
21 167
55 78
127 80
359 86
178 20
328 160
275 67
57 26
7 47
157 20
17 64
14
203 58
117 101
155 164
134 136
258 83
274 103
283 129
259 13
146 138
215 127
101 107
200 108
84 168
37 46
14
189 98
271 104
249 163
203 159
292 100
100 42
342 132
153 70
221 54
73 120
60 157
178 157
241 30
198 147
14
26 10
26 176
251 120
170 98
71 13
0 173
28 56
60 55
137 66
56 94
27 23
86 78
98 124
142 100
14
278 18
285 47
239 166
259 17
351 164
49 70
65 154
33 79
83 144
327 116
226 158
18 172
150 60
201 135
14
137 178
155 160
289 164
344 3
168 76
213 32
34 100
184 150
147 10
132 68
167 23
275 68
2 151
39 126
14
62 177
129 57
296 104
355 5
174 87
156 172
102 109
141 177
46 16
215 4
36 87
304 70
168 145
29 164
14
126 126
47 57
180 136
80 42
93 55
301 86
97 31
163 76
33 50
80 123
37 24
102 144
357 61
188 120
14
219 91
74 32
200 164
297 178
163 35
10 31
304 69
256 117
51 126
4 21
81 116
32 118
315 87
99 169
14
41 120
341 67
177 82
168 17
194 128
356 135
131 176
332 164
107 131
324 170
135 37
261 111
223 149
2 132
14
325 25
40 121
284 39
295 28
243 16
55 62
314 167
105 131
36 48
152 24
100 148
146 172
270 94
338 140
14
205 120
3 20
80 63
59 153
100 40
16 70
352 52
38 160
7 132
215 69
324 133
187 141
255 113
301 15
14
225 171
265 97
29 13
321 69
212 1
222 91
111 134
175 178
229 154
176 5
287 115
118 109
271 116
156 17
14
50 140
247 17
259 8
18 44
96 72
303 149
333 92
62 96
268 58
174 116
62 86
173 150
133 44
251 102
14
17 148
190 39
284 94
312 40
98 28
287 58
226 34
283 158
231 157
105 132
108 103
289 135
118 179
81 129
14
112 33
120 151
237 171
118 170
64 83
279 17
242 138
188 75
75 16
246 86
246 9
231 63
64 103
106 28
14
107 85
259 12
161 56
201 67
230 101
274 177
92 39
60 44
203 169
192 19
345 90
225 115
189 178
341 82
14
218 105
306 117
58 90
170 166
275 64
249 108
277 84
161 77
83 60
204 58
298 1
105 143
4 148
121 37
14
74 31
71 60
9 121
88 168
35 0
68 1
28 17
143 8
58 26
63 46
211 51
106 62
32 34
33 38
14
187 83
70 24
57 143
162 132
17 87
268 13
36 64
29 177
18 82
202 78
110 21
114 175
299 96
214 90
14
188 45
267 130
119 105
107 110
248 113
189 131
100 10
308 40
170 177
238 84
201 106
271 107
32 50
71 149
14
229 95
249 93
126 108
14 1
14 113
270 137
116 78
64 80
47 138
189 18
133 129
162 142
51 115
62 21
14
90 109
3 119
283 20
38 98
110 168
147 25
2 65
162 13
90 142
102 35
276 105
46 172
126 24
335 14
14
172 152
154 107
237 11
257 61
281 132
296 147
130 162
293 175
85 145
306 118
203 14
352 116
102 21
219 39
14
100 142
227 50
26 149
356 134
210 140
56 38
4 29
67 33
352 88
94 95
10 50
42 140
54 131
293 38
14
311 11
81 56
220 113
130 167
252 92
90 115
102 49
245 95
237 103
343 77
213 165
190 21
189 32
203 166
14
251 148
151 142
179 139
20 91
43 89
147 71
189 111
34 24
304 43
224 111
151 137
261 178
269 67
276 73
14
272 110
67 77
36 131
237 113
156 136
21 25
302 172
19 111
77 65
215 78
130 169
95 75
360 14
62 63
14
4 164
311 155
12 122
118 135
121 39
331 133
234 28
273 135
49 106
4 109
15 94
135 54
288 92
154 31
14
14 37
107 9
16 11
318 27
95 138
150 178
151 107
168 78
174 120
116 169
110 159
172 24
327 156
296 49
14
77 103
245 86
140 120
311 120
267 36
334 120
92 113
220 104
220 144
79 21
360 74
332 32
160 150
348 9
14
220 8
298 89
186 160
317 27
171 54
167 134
318 49
155 95
142 2
314 98
81 141
351 72
25 96
67 2
14
298 125
205 116
6 173
2 101
267 110
226 105
279 64
45 96
48 68
240 139
335 76
173 30
105 103
276 68
14
288 41
75 144
179 177
147 155
40 124
306 2
352 150
159 65
20 68
187 122
155 83
194 137
73 168
47 112
14
213 145
147 104
245 40
206 138
174 93
18 114
287 61
205 17
126 152
263 126
197 113
20 133
45 126
208 97
14
160 126
172 173
183 98
282 148
74 67
243 146
7 85
267 7
223 158
246 67
212 50
173 119
52 73
309 173
14
226 117
323 17
45 82
294 68
105 37
329 22
279 138
329 152
156 130
353 80
210 12
88 50
98 132
38 150
14
10 16
173 17
202 31
145 162
258 173
60 52
139 70
35 2
229 24
274 75
288 74
30 28
239 99
109 65
14
182 153
208 174
295 26
29 43
35 146
231 43
146 3
4 154
259 174
344 141
304 72
305 89
275 20
91 173
14
6 12
222 75
167 7
340 133
77 167
104 18
49 5
243 87
68 62
333 78
271 173
345 4
0 107
73 73
14
200 140
48 55
264 160
336 56
66 100
329 159
111 128
167 72
116 42
204 58
53 60
31 142
102 83
211 49
14
239 109
306 14
143 85
69 16
140 120
151 148
18 6
210 54
56 167
178 78
67 139
174 95
132 161
285 31
14
178 49
236 142
91 135
97 166
60 118
40 6
91 71
174 137
325 67
55 41
360 79
50 23
311 76
19 24
14
294 136
203 161
7 59
338 49
290 66
164 47
193 30
0 35
174 178
346 32
28 44
259 121
208 82
183 41
14
75 140
265 155
320 145
188 21
124 117
209 86
87 121
325 129
309 89
15 3
53 46
112 89
344 173
353 154
14
290 107
280 175
285 131
297 16
183 122
230 93
299 127
175 176
188 111
235 0
82 110
97 12
329 38
19 172
14
308 92
53 106
27 146
321 117
266 136
232 91
140 151
89 8
34 6
298 106
115 66
55 97
306 166
19 13
14
263 151
66 14
306 5
338 110
17 28
125 87
354 120
157 79
207 128
74 19
281 60
110 138
290 7
113 80
