50
15
79 0
307 8
61 178
169 113
156 148
266 97
338 153
75 49
3 170
298 33
104 17
221 51
156 136
308 6
350 65
15
120 103
196 86
179 55
308 49
44 179
139 71
79 121
233 72
44 39
92 98
85 152
145 101
254 123
315 108
358 111
15
38 109
89 165
221 48
207 155
138 110
192 118
200 144
348 68
121 81
273 60
141 29
117 15
260 20
15 16
266 126
15
103 2
202 94
20 143
168 45
245 140
146 88
301 15
32 14
91 65
295 167
83 59
216 120
312 140
199 160
240 68
15
0 22
323 6
36 14
64 98
209 94
142 126
346 118
130 41
99 14
343 78
242 71
207 19
355 63
112 98
9 122
15
327 100
126 151
147 2
54 167
322 27
286 108
313 146
335 180
344 116
259 47
189 127
6 84
295 39
123 55
73 105
15
327 138
359 135
138 49
184 74
58 83
145 156
247 71
181 25
144 100
222 93
23 113
109 20
355 119
225 129
99 108
15
156 172
33 29
174 127
135 56
97 25
237 175
35 84
241 59
139 114
107 60
352 105
228 93
160 42
73 83
239 6
15
206 87
39 3
295 168
194 22
126 131
60 105
257 164
328 8
330 10
24 126
146 100
113 16
33 50
94 34
211 9
15
326 32
354 118
170 153
172 120
212 8
351 38
333 179
306 150
321 22
267 151
123 163
302 104
269 67
72 24
173 25
15
210 2
64 59
244 15
26 50
18 5
214 80
74 10
10 42
253 80
111 44
74 177
298 52
254 87
180 9
15 179
15
282 47
178 91
7 21
48 85
279 139
330 98
253 153
5 1
142 6
25 109
174 56
46 112
153 8
103 47
190 34
15
225 47
335 65
162 96
345 170
217 83
190 94
153 137
300 54
65 158
215 66
318 19
301 86
119 31
74 39
112 134
15
1 105
319 71
287 77
0 161
193 4
143 157
268 76
155 177
248 79
360 68
42 88
360 120
76 116
31 11
192 1
15
55 138
18 30
32 33
174 119
57 78
260 162
82 146
169 157
336 157
278 25
143 158
10 112
187 177
37 128
284 59
15
119 53
17 117
42 94
31 55
156 39
205 91
98 123
37 169
341 125
154 135
188 82
83 29
217 109
133 67
25 63
15
268 46
8 141
217 100
64 97
88 109
190 138
143 53
119 14
223 93
188 35
149 63
254 138
62 21
223 6
287 3
15
79 5
345 176
245 150
231 21
12 131
270 26
166 118
15 166
125 23
78 65
297 82
115 80
216 97
75 154
4 81
15
293 83
243 171
190 125
173 169
183 52
122 145
65 3
120 17
283 3
26 30
36 48
105 164
28 170
258 134
20 104
15
0 149
145 25
43 67
52 29
183 19
329 109
145 72
272 145
113 65
283 58
120 67
295 164
64 44
139 145
117 41
15
283 177
107 21
6 119
278 63
73 176
237 16
288 115
265 119
4 24
285 101
194 159
155 86
274 173
37 102
37 85
15
64 35
245 151
228 141
264 8
81 104
68 13
89 18
256 43
0 20
114 34
85 48
326 162
323 70
249 154
224 32
15
41 103
313 30
7 5
241 134
141 173
347 83
217 160
39 166
294 144
318 178
113 62
132 35
74 161
3 7
125 87
15
63 115
338 115
320 47
217 142
133 44
130 108
15 102
181 42
186 146
334 42
212 7
94 41
212 101
325 142
118 157
15
300 160
167 119
297 93
196 58
205 6
219 44
215 94
83 120
169 117
51 67
303 90
30 135
124 36
252 67
137 179
15
287 64
84 82
184 76
305 109
251 94
90 99
162 74
194 42
215 180
356 122
166 34
79 18
310 28
85 31
315 140
15
335 27
51 125
167 159
241 137
222 35
121 40
80 52
291 104
128 145
230 155
70 30
224 173
169 122
35 62
3 76
15
260 164
48 73
264 81
270 56
3 30
216 96
231 23
66 29
205 58
1 93
190 31
189 74
28 129
76 58
352 26
15
12 25
162 167
47 25
164 71
245 133
139 134
292 30
77 40
73 162
345 80
251 179
72 55
2 58
354 72
185 85
15
85 164
315 64
342 32
330 4
215 40
300 35
147 36
99 52
110 14
132 40
351 99
255 18
0 25
110 142
66 74
15
168 87
70 41
295 97
176 92
152 32
28 93
269 66
311 68
357 72
205 145
340 112
300 98
239 90
155 163
245 24
15
96 156
195 142
226 77
241 123
297 110
86 80
270 105
18 60
271 145
44 99
260 104
40 116
202 77
103 171
224 164
15
162 77
297 162
21 108
306 45
109 172
160 143
156 113
168 53
3 60
130 45
294 160
318 38
225 145
234 20
237 118
15
123 120
285 37
92 34
321 172
250 179
143 55
104 15
15 153
316 56
45 10
88 16
31 74
82 159
360 80
201 39
15
23 170
3 34
208 89
129 92
320 12
155 123
171 149
243 176
216 136
13 90
358 50
359 51
153 55
307 118
294 135
15
103 41
357 131
354 14
237 58
334 152
116 2
106 15
30 66
292 111
19 114
211 87
63 30
239 142
72 91
286 100
15
230 116
15 146
125 176
123 17
204 152
206 49
138 86
233 42
39 176
355 66
185 142
106 73
24 163
146 166
78 14
15
235 175
186 143
49 32
100 136
48 22
297 111
90 60
116 63
147 49
65 9
336 9
234 142
102 18
278 0
329 112
15
160 124
33 10
319 123
336 9
125 9
318 43
259 88
156 15
90 8
4 82
154 37
244 88
18 52
228 9
164 89
15
1 75
107 5
311 12
85 74
333 104
319 27
174 144
232 176
121 92
16 25
229 61
291 138
90 51
269 94
348 81
15
119 178
220 65
273 52
18 148
296 137
267 153
19 177
252 13
335 175
196 74
151 161
143 37
232 113
142 116
203 42
15
348 114
51 59
267 67
184 121
108 167
89 101
65 77
148 133
194 98
110 132
230 134
134 59
264 86
8 41
201 150
15
226 62
179 59
199 72
73 127
360 56
314 5
135 22
95 40
235 61
42 64
143 52
233 60
227 139
41 140
11 150
15
225 139
273 29
153 3
87 132
85 179
114 88
182 175
277 134
254 175
317 129
20 95
255 97
131 60
169 51
155 174
15
191 27
104 178
48 110
255 136
295 89
153 152
71 104
36 80
172 146
243 35
175 49
292 40
143 100
61 15
344 25
15
2 166
8 113
48 105
309 31
212 30
181 178
335 4
231 131
3 170
129 163
239 130
357 166
256 102
68 6
267 135
15
220 79
263 149
13 57
212 68
175 118
305 149
2 96
291 134
44 112
305 48
57 91
78 120
120 164
319 76
26 24
15
316 11
150 93
80 131
77 19
97 83
39 153
141 176
61 123
89 137
117 31
327 19
318 39
222 106
56 118
190 45
15
240 111
343 120
325 3
224 162
231 103
285 124
325 85
107 145
41 113
351 167
149 180
235 133
341 161
228 96
255 72
15
94 86
180 73
281 97
35 160
239 84
160 153
198 124
280 58
285 96
328 36
314 70
211 28
64 88
261 109
41 20
